dim_x: 201 
dim_z: 48 
dt0: 1.000000e+02 
t_tot: 1.000000e+08 
